1657630
1329500
1337920
1337760
1273400
1602080
2060130
1869590
658920
1061910
1121640
2058190
2058180
1826980
1919590
745920
2113050
1372110
1535560
1442670
1944360
1343240
1970580
1817070
1313140
1862520
1044720
1649080
1866180
1811950
1332010
1290000
1700870
1880360
1880360,1446780
1286680
1562700
648800
1462040
1533420
1361510
1594320
1817940
1118310
1029690
1604030
794260
1612780
1972440
867210
1341290
1827980
1296610
1739010
1477590
1901370
1948280
1904820
1850570
1865780
1905180
1410640
1891700
1825750
1740720
1621690
982290
1902490
1245620
1173820
1498570
534380
1449850
1432050
1593500
1446780
1590320
1827180
1144200
1749630
751630
1276390
1517290
1217060
1240440
766570
1244460
1551360
1569040
977400
1135690
898750
1088850
1092790
1435790
1490890
780310
1046480
981600
1677740
1568590
469600
1506830
1372280
1714040
699130
1714320
1062090
1566390
843380
1110910
1203220
1190000
1256670
1611070
1554790
1277400
1591420
775500
997010
1384160
1335790
1515950
1301210
1259420
848450
1196590
937310
978520
1407200
1113560
976620
1536610
1426210
774181
1382330
672870
1325200
1408720
1040230
1274570
1258780
1257290
1257290,1441717
1257290
1469280
1147560
1463920
1150690
1353300
1091500
1478220
1295510
1235140
1172470
1172450
1139900
1238810
1049590
1335200
1397920
1016920
550320
739630
1145360
1158310
1377150
1377380
1180660
870780
1201240
427520
632360
1151640
962130
946050
1222670
753640
1222140
1113000
638230
1238860
526870
1172620
1284410
548430
1249200
1213670
1258080
924980
544810
1151340
261550
1071870
1089090
546560
960170
1057090
362890
1114940
625960
872410
1217390
1031510
1118010
1204050
891040
1072420
710920
1174180
973580
813780
703080
1042550
1022450
1085660
774361
1097840
815370
330020
755540
457140
769560
1007040
550650
1046930
783770
774171
692850
921570
641320
805550
677620
779340
620980
1003400
751780
787480
958260
601150
755800
933480
361420
502500
977950
646570
979060
960090
963930
581320
701160
606280
431960
945360
920490
544750
294100
831560
812140
332950
880940
909080
513710
582010
728880
588650
851890
515180
527430
606150
613100
761890
445980
740250
242760
323190
568220
601050
466560
637650
379430
252490
714010
705220
264710
700330
578080
240720
601510
552990
504370
485510
582160
291550
268910
594570
730
610190
346110
389730
317600
617830
374040
563560
460930
367520
578310
342180
418240
444200
453480
289070
292030,378649,378648
512470
275850
496300
437920
477160
381210
364360
359870
281990
374320,442010
374320
365590
413150
438040
404790
246620
310950
262060
394510
359550
400040
284160
292030
363970
365670
271590
290930
255710
239140
290730
265630
269210
251570
108600
224260
107410
236390
218620
570
8870
230410
227300
211420
620
47890
8500
8930
550
17520
440
4000
228200
